L -400.0, -1200.0, 0.0, 400.0, -1200.0, 0.0, 100, 80, 60
L 400.0, -1200.0, 0.0, 400.0, 1200.0, 0.0, 100, 80, 60
L 400.0, 1200.0, 0.0, -400.0, 1200.0, 0.0, 100, 80, 60
L -400.0, 1200.0, 0.0, -400.0, -1200.0, 0.0, 100, 80, 60
L -200.0, -800.0, -50.0, 200.0, -800.0, -50.0, 100, 80, 60
L 200.0, -800.0, -50.0, 200.0, -400.0, -50.0, 100, 80, 60
L 200.0, -400.0, -50.0, -200.0, -400.0, -50.0, 100, 80, 60
L -200.0, -400.0, -50.0, -200.0, -800.0, -50.0, 100, 80, 60
L -150.0, 400.0, -80.0, 150.0, 400.0, -80.0, 100, 80, 60
L 150.0, 400.0, -80.0, 150.0, 800.0, -80.0, 100, 80, 60
L 150.0, 800.0, -80.0, -150.0, 800.0, -80.0, 100, 80, 60
L -150.0, 800.0, -80.0, -150.0, 400.0, -80.0, 100, 80, 60
L -100.0, -200.0, -120.0, 100.0, -200.0, -120.0, 150, 120, 80
L 100.0, -200.0, -120.0, 100.0, 200.0, -120.0, 150, 120, 80
L 100.0, 200.0, -120.0, -100.0, 200.0, -120.0, 150, 120, 80
L -100.0, 200.0, -120.0, -100.0, -200.0, -120.0, 150, 120, 80
P -380.0, 1100.0, 0.0, 255, 0, 0, 3, to_Qeynos_Hills
P 0.0, -1180.0, 0.0, 255, 0, 0, 3, to_Everfrost_Peaks
P 0.0, -600.0, -50.0, 128, 128, 128, 2, Gnoll_Den_Upper
P 0.0, 600.0, -80.0, 128, 128, 128, 2, Gnoll_Den_Lower
P 0.0, 0.0, -120.0, 128, 128, 128, 2, Gnoll_Chief_Room
P 0.0, -600.0, -50.0, 240, 127, 0, 2, Gnoll_Fanatic_(Raid)
P 0.0, 0.0, -120.0, 127, 64, 0, 2, Darkpaw_Chief_(Hunter)
P 100.0, -500.0, -50.0, 127, 64, 0, 2, Darkpaw_Shaman_(Hunter)
P 0.0, 900.0, -80.0, 0, 0, 240, 1, GS:_Gnoll_Bone
