L -4000.0, -3000.0, 0.0, 4000.0, -3000.0, 0.0, 0, 0, 0
L 4000.0, -3000.0, 0.0, 4000.0, 3000.0, 0.0, 0, 0, 0
L 4000.0, 3000.0, 0.0, -4000.0, 3000.0, 0.0, 0, 0, 0
L -4000.0, 3000.0, 0.0, -4000.0, -3000.0, 0.0, 0, 0, 0
L -2000.0, -1000.0, 0.0, -1200.0, -1000.0, 0.0, 200, 180, 130
L -1200.0, -1000.0, 0.0, -1200.0, -200.0, 0.0, 200, 180, 130
L -1200.0, -200.0, 0.0, -2000.0, -200.0, 0.0, 200, 180, 130
L -2000.0, -200.0, 0.0, -2000.0, -1000.0, 0.0, 200, 180, 130
L 1000.0, 800.0, 0.0, 2000.0, 800.0, 0.0, 200, 180, 130
L 2000.0, 800.0, 0.0, 2000.0, 1800.0, 0.0, 200, 180, 130
L 2000.0, 1800.0, 0.0, 1000.0, 1800.0, 0.0, 200, 180, 130
L 1000.0, 1800.0, 0.0, 1000.0, 800.0, 0.0, 200, 180, 130
P -3980.0, 0.0, 0.0, 255, 0, 0, 3, to_Greater_Faydark
P 3980.0, 0.0, 0.0, 255, 0, 0, 3, to_Ocean_of_Tears_(boat)
P 0.0, -2980.0, 0.0, 255, 0, 0, 3, to_Dagnors_Cauldron
P 0.0, 2980.0, 0.0, 255, 0, 0, 3, to_Kaladim
P -1600.0, -600.0, 0.0, 0, 128, 0, 2, Dwarven_Outpost
P 1500.0, 1300.0, 0.0, 0, 128, 0, 2, Dwarven_Ruins
P 0.0, 0.0, 0.0, 0, 128, 0, 2, Road_Crossroads
P -3000.0, 2000.0, 0.0, 128, 128, 128, 2, Giants
P 3000.0, -2000.0, 0.0, 128, 128, 128, 2, Orcs
P -3000.0, 2000.0, 0.0, 127, 64, 0, 2, A_Giant_(Hunter)
P 3000.0, -2000.0, 0.0, 127, 64, 0, 2, Orc_Warlord_(Hunter)
