L -2000.0, -800.0, 0.0, 1000.0, -800.0, 0.0, 0, 0, 0
L 1000.0, -800.0, 0.0, 1000.0, 1000.0, 0.0, 0, 0, 0
L 1000.0, 1000.0, 0.0, -2000.0, 1000.0, 0.0, 0, 0, 0
L -2000.0, 1000.0, 0.0, -2000.0, -800.0, 0.0, 0, 0, 0
L -1500.0, -600.0, 0.0, -900.0, -600.0, 0.0, 200, 200, 200
L -900.0, -600.0, 0.0, -900.0, -100.0, 0.0, 200, 200, 200
L -900.0, -100.0, 0.0, -1500.0, -100.0, 0.0, 200, 200, 200
L -1500.0, -100.0, 0.0, -1500.0, -600.0, 0.0, 200, 200, 200
L -1000.0, 200.0, 0.0, -600.0, 200.0, 0.0, 200, 200, 200
L -600.0, 200.0, 0.0, -600.0, 600.0, 0.0, 200, 200, 200
L -600.0, 600.0, 0.0, -1000.0, 600.0, 0.0, 200, 200, 200
L -1000.0, 600.0, 0.0, -1000.0, 200.0, 0.0, 200, 200, 200
P -2000.0, 0.0, 0.0, 255, 0, 0, 3, to_Newbie_Zone
P 1000.0, 0.0, 0.0, 255, 0, 0, 3, to_Greater_Faydark
P 0.0, -800.0, 0.0, 255, 0, 0, 3, to_Shadeweaver_Canyon
P 0.0, 1000.0, 0.0, 255, 0, 0, 3, to_The_Blighted_Tangle
P -1200.0, -250.0, 0.0, 0, 200, 0, 2, Crescent_Reach_Newbie_Camp
P -800.0, 400.0, 0.0, 0, 128, 0, 2, Crescent_Reach_Undead_Camp
P -1200.0, -600.0, 0.0, 128, 128, 128, 2, Wandering_Bats
P -800.0, 200.0, 0.0, 128, 128, 128, 2, Undead_Grounds
