L -3400.0, -4000.0, 0.0, 3400.0, -4000.0, 0.0, 0, 0, 0
L 3400.0, -4000.0, 0.0, 3400.0, 4000.0, 0.0, 0, 0, 0
L 3400.0, 4000.0, 0.0, -3400.0, 4000.0, 0.0, 0, 0, 0
L -3400.0, 4000.0, 0.0, -3400.0, -4000.0, 0.0, 0, 0, 0
L -1000.0, -1200.0, 0.0, -600.0, -1200.0, 0.0, 100, 180, 100
L -600.0, -1200.0, 0.0, -600.0, -800.0, 0.0, 100, 180, 100
L -600.0, -800.0, 0.0, -1000.0, -800.0, 0.0, 100, 180, 100
L -1000.0, -800.0, 0.0, -1000.0, -1200.0, 0.0, 100, 180, 100
L 1600.0, 800.0, 0.0, 2000.0, 800.0, 0.0, 100, 180, 100
L 2000.0, 800.0, 0.0, 2000.0, 1400.0, 0.0, 100, 180, 100
L 2000.0, 1400.0, 0.0, 1600.0, 1400.0, 0.0, 100, 180, 100
L 1600.0, 1400.0, 0.0, 1600.0, 800.0, 0.0, 100, 180, 100
L -1600.0, 1600.0, 0.0, -1000.0, 1600.0, 0.0, 100, 180, 100
L -1000.0, 1600.0, 0.0, -1000.0, 2200.0, 0.0, 100, 180, 100
L -1000.0, 2200.0, 0.0, -1600.0, 2200.0, 0.0, 100, 180, 100
L -1600.0, 2200.0, 0.0, -1600.0, 1600.0, 0.0, 100, 180, 100
L 0.0, -4000.0, 0.0, 0.0, 4000.0, 0.0, 200, 200, 200
L -3400.0, 0.0, 0.0, 3400.0, 0.0, 0.0, 200, 200, 200
L -600.0, 600.0, 0.0, -600.0, 900.0, 0.0, 200, 150, 50
L -600.0, 900.0, 0.0, -200.0, 900.0, 0.0, 200, 150, 50
L -200.0, 900.0, 0.0, -200.0, 600.0, 0.0, 200, 150, 50
L -200.0, 600.0, 0.0, -600.0, 600.0, 0.0, 200, 150, 50
P 3380.0, -200.0, 0.0, 255, 0, 0, 3, to_Butcherblock_Mountains
P -3380.0, 200.0, 0.0, 255, 0, 0, 3, to_Steamfont_Mountains
P 200.0, 3980.0, 0.0, 255, 0, 0, 3, to_Lesser_Faydark
P -800.0, -1000.0, 0.0, 255, 0, 0, 3, to_Crushbone
P 1800.0, 1100.0, 0.0, 255, 0, 0, 3, to_Kelethin_(Lift)
P -1300.0, 1900.0, 0.0, 255, 0, 0, 3, to_Kelethin_(North_Lift)
P -400.0, 750.0, 0.0, 0, 128, 0, 2, Ak_Anon_Bank
P 0.0, 0.0, 0.0, 0, 128, 0, 2, Road_Crossroads
P 1200.0, -500.0, 0.0, 128, 128, 128, 2, Orc_Highway
P -2000.0, 2000.0, 0.0, 128, 128, 128, 2, Crushbone_Orc_Camp
P 500.0, -3000.0, 0.0, 0, 0, 255, 1, GS:_Greater_Faydark_Entrance
P -500.0, 1000.0, 0.0, 0, 0, 255, 1, GS:_Orc_Lift_Area
