L -700.0, -600.0, 0.0, 700.0, -600.0, 0.0, 100, 80, 60
L 700.0, -600.0, 0.0, 700.0, 600.0, 0.0, 100, 80, 60
L 700.0, 600.0, 0.0, -700.0, 600.0, 0.0, 100, 80, 60
L -700.0, 600.0, 0.0, -700.0, -600.0, 0.0, 100, 80, 60
L -300.0, -400.0, -20.0, 700.0, -400.0, -20.0, 100, 80, 60
L 700.0, -400.0, -20.0, 700.0, -100.0, -20.0, 100, 80, 60
L 700.0, -100.0, -20.0, 400.0, -100.0, -20.0, 100, 80, 60
L 400.0, -100.0, -20.0, 400.0, 300.0, -20.0, 100, 80, 60
L 400.0, 300.0, -20.0, -600.0, 300.0, -20.0, 100, 80, 60
L -600.0, 300.0, -20.0, -600.0, 400.0, -20.0, 100, 80, 60
L -600.0, 400.0, -20.0, -300.0, 400.0, -20.0, 100, 80, 60
L -300.0, 400.0, -20.0, -300.0, -400.0, -20.0, 100, 80, 60
L -200.0, -200.0, -40.0, 300.0, -200.0, -40.0, 120, 100, 70
L 300.0, -200.0, -40.0, 300.0, 200.0, -40.0, 120, 100, 70
L 300.0, 200.0, -40.0, -600.0, 200.0, -40.0, 120, 100, 70
L -600.0, 200.0, -40.0, -600.0, -200.0, -40.0, 120, 100, 70
L -150.0, 0.0, -60.0, 200.0, 0.0, -60.0, 140, 120, 80
L 200.0, 0.0, -60.0, 200.0, 150.0, -60.0, 140, 120, 80
L 200.0, 150.0, -60.0, -350.0, 150.0, -60.0, 140, 120, 80
L -350.0, 150.0, -60.0, -350.0, -100.0, -60.0, 140, 120, 80
L -150.0, -100.0, -60.0, -150.0, 0.0, -60.0, 140, 120, 80
P 500.0, -300.0, -20.0, 0, 255, 0, 4, lguk_live_side_camp
P 550.0, -250.0, -20.0, 0, 200, 100, 3, Live_Pull_Point
P -400.0, 100.0, -40.0, 0, 255, 0, 4, lguk_dead_side_camp
P -350.0, 150.0, -40.0, 0, 200, 100, 3, Dead_Pull_Point
P 600.0, -500.0, 0.0, 255, 0, 0, 3, Zone_In_Live
P -500.0, 500.0, 0.0, 255, 0, 0, 3, Zone_Out_/_Seb
P 0.0, -500.0, -20.0, 255, 255, 0, 2, Telepad_Central
P -600.0, 350.0, -40.0, 200, 150, 255, 2, Telepad_Deep
P 0.0, 100.0, -60.0, 200, 150, 255, 2, Boss_Chamber
