L -1200.0, -300.0, -100.0, 1200.0, -300.0, -100.0, 150, 130, 110
L 1200.0, -300.0, -100.0, 1200.0, 300.0, -100.0, 150, 130, 110
L 1200.0, 300.0, -100.0, -1200.0, 300.0, -100.0, 150, 130, 110
L -1200.0, 300.0, -100.0, -1200.0, -300.0, -100.0, 150, 130, 110
L -400.0, -200.0, -100.0, -100.0, -200.0, -100.0, 150, 130, 110
L -100.0, -200.0, -100.0, -100.0, 0.0, -100.0, 150, 130, 110
L -100.0, 0.0, -100.0, -400.0, 0.0, -100.0, 150, 130, 110
L -400.0, 0.0, -100.0, -400.0, -200.0, -100.0, 150, 130, 110
L 100.0, 0.0, -100.0, 400.0, 0.0, -100.0, 150, 130, 110
L 400.0, 0.0, -100.0, 400.0, 200.0, -100.0, 150, 130, 110
L 400.0, 200.0, -100.0, 100.0, 200.0, -100.0, 150, 130, 110
L 100.0, 200.0, -100.0, 100.0, 0.0, -100.0, 150, 130, 110
P -1180.0, 0.0, -100.0, 255, 0, 0, 3, to_West_Commonlands
P 1180.0, 0.0, -100.0, 255, 0, 0, 3, to_Eastern_Plains_of_Karana
P 0.0, -250.0, -100.0, 0, 128, 0, 2, Highpass_Merchant
P 0.0, 250.0, -100.0, 0, 128, 0, 2, Highpass_Guard
P -250.0, -100.0, -100.0, 128, 128, 128, 2, Weapons_Shop
P 250.0, 100.0, -100.0, 128, 128, 128, 2, Food_Shop
P 0.0, 0.0, -100.0, 0, 128, 0, 2, Highpass_Hold_Center
P -800.0, 0.0, -100.0, 128, 128, 128, 2, Bandits_West
P 800.0, 0.0, -100.0, 128, 128, 128, 2, Bandits_East
