L -4000.0, -2000.0, 0.0, 4000.0, -2000.0, 0.0, 0, 0, 0
L 4000.0, -2000.0, 0.0, 4000.0, 2000.0, 0.0, 0, 0, 0
L 4000.0, 2000.0, 0.0, -4000.0, 2000.0, 0.0, 0, 0, 0
L -4000.0, 2000.0, 0.0, -4000.0, -2000.0, 0.0, 0, 0, 0
L -1000.0, -800.0, 0.0, 1000.0, -800.0, 0.0, 0, 100, 200
L 1000.0, -800.0, 0.0, 1000.0, 800.0, 0.0, 0, 100, 200
L 1000.0, 800.0, 0.0, -1000.0, 800.0, 0.0, 0, 100, 200
L -1000.0, 800.0, 0.0, -1000.0, -800.0, 0.0, 0, 100, 200
L -600.0, -400.0, 0.0, 600.0, -400.0, 0.0, 0, 150, 220
L 600.0, -400.0, 0.0, 600.0, 400.0, 0.0, 0, 150, 220
L 600.0, 400.0, 0.0, -600.0, 400.0, 0.0, 0, 150, 220
L -600.0, 400.0, 0.0, -600.0, -400.0, 0.0, 0, 150, 220
L 2000.0, -1500.0, 0.0, 3000.0, -1500.0, 0.0, 200, 180, 130
L 3000.0, -1500.0, 0.0, 3000.0, -800.0, 0.0, 200, 180, 130
L 3000.0, -800.0, 0.0, 2000.0, -800.0, 0.0, 200, 180, 130
L 2000.0, -800.0, 0.0, 2000.0, -1500.0, 0.0, 200, 180, 130
P -3980.0, 0.0, 0.0, 255, 0, 0, 3, to_South_Karana
P 3980.0, 0.0, 0.0, 255, 0, 0, 3, to_Feerrott
P 0.0, 1980.0, 0.0, 255, 0, 0, 3, to_Innothule_Swamp
P 0.0, -1980.0, 0.0, 255, 0, 0, 3, to_Kithicor_Forest
P 0.0, 0.0, 0.0, 0, 100, 200, 2, Lake_(Water)
P 2500.0, -1150.0, 0.0, 0, 128, 0, 2, Druid_Ring
P -2000.0, 1000.0, 0.0, 128, 128, 128, 2, Rathmana_Allin
P -3000.0, -1500.0, 0.0, 128, 128, 128, 2, Hill_Giants
P 3500.0, 1500.0, 0.0, 128, 128, 128, 2, Goblins
P 2500.0, -1150.0, 0.0, 0, 0, 240, 1, GS:_Druid_Ring
P -3000.0, -1500.0, 0.0, 127, 64, 0, 2, A_Hill_Giant_(Hunter)
P 3000.0, 1000.0, 0.0, 127, 64, 0, 2, Goblin_Warlord_(Hunter)
