L -2000.0, -2000.0, -100.0, 2000.0, -2000.0, -100.0, 200, 80, 0
L 2000.0, -2000.0, -100.0, 2000.0, 2000.0, -100.0, 200, 80, 0
L 2000.0, 2000.0, -100.0, -2000.0, 2000.0, -100.0, 200, 80, 0
L -2000.0, 2000.0, -100.0, -2000.0, -2000.0, -100.0, 200, 80, 0
L -600.0, -800.0, -100.0, -200.0, -800.0, -100.0, 200, 80, 0
L -200.0, -800.0, -100.0, -200.0, -400.0, -100.0, 200, 80, 0
L -200.0, -400.0, -100.0, -600.0, -400.0, -100.0, 200, 80, 0
L -600.0, -400.0, -100.0, -600.0, -800.0, -100.0, 200, 80, 0
L 600.0, 400.0, -100.0, 1000.0, 400.0, -100.0, 200, 80, 0
L 1000.0, 400.0, -100.0, 1000.0, 800.0, -100.0, 200, 80, 0
L 1000.0, 800.0, -100.0, 600.0, 800.0, -100.0, 200, 80, 0
L 600.0, 800.0, -100.0, 600.0, 400.0, -100.0, 200, 80, 0
L -200.0, -100.0, -200.0, 200.0, -100.0, -200.0, 255, 100, 0
L 200.0, -100.0, -200.0, 200.0, 100.0, -200.0, 255, 100, 0
L 200.0, 100.0, -200.0, -200.0, 100.0, -200.0, 255, 100, 0
L -200.0, 100.0, -200.0, -200.0, -100.0, -200.0, 255, 100, 0
P -1980.0, 0.0, -100.0, 255, 0, 0, 3, to_Nektulos_Forest
P 1980.0, 0.0, -100.0, 255, 0, 0, 3, to_Soluseks_Eye_(SolA)
P 0.0, -1980.0, -100.0, 255, 0, 0, 3, to_Nagafens_Lair_(SolB)
P 0.0, 1980.0, -100.0, 255, 0, 0, 3, to_Innothule_Swamp
P -400.0, -600.0, -100.0, 0, 128, 0, 2, Goblin_Camp
P 800.0, 600.0, -100.0, 0, 128, 0, 2, Lava_Golem_Area
P 0.0, 0.0, -200.0, 200, 50, 0, 2, Lava_Pit_Center
P -1500.0, 1500.0, -100.0, 128, 128, 128, 2, Fire_Giants
P 1500.0, -1500.0, -100.0, 128, 128, 128, 2, Lava_Duct_Crawlers
P 0.0, 0.0, -200.0, 240, 127, 0, 2, Efreeti_Lord_(Raid)
P 1500.0, -1500.0, -100.0, 127, 64, 0, 2, Lava_Duct_Crawler_(Hunter)
P -1500.0, 1500.0, -100.0, 127, 64, 0, 2, Fire_Giant_(Hunter)
