L -150.0, -150.0, 40.0, 350.0, -150.0, 40.0, 178, 102, 255
L 350.0, -150.0, 40.0, 350.0, 350.0, 40.0, 178, 102, 255
L 350.0, 350.0, 40.0, -150.0, 350.0, 40.0, 178, 102, 255
L -150.0, 350.0, 40.0, -150.0, -150.0, 40.0, 178, 102, 255
L 50.0, 50.0, 40.0, 250.0, 50.0, 40.0, 200, 150, 100
L 250.0, 50.0, 40.0, 250.0, 250.0, 40.0, 200, 150, 100
L 250.0, 250.0, 40.0, 50.0, 250.0, 40.0, 200, 150, 100
L 50.0, 250.0, 40.0, 50.0, 50.0, 40.0, 200, 150, 100
L 100.0, 100.0, 40.0, 200.0, 100.0, 40.0, 200, 180, 140
L 200.0, 100.0, 40.0, 200.0, 200.0, 40.0, 200, 180, 140
L 200.0, 200.0, 40.0, 100.0, 200.0, 40.0, 200, 180, 140
L 100.0, 200.0, 40.0, 100.0, 100.0, 40.0, 200, 180, 140
P 130.0, 150.0, 40.0, 255, 100, 0, 3, Tower_Sanctum
P 170.0, 130.0, 40.0, 200, 100, 50, 2, Tower_Level_2
P 110.0, 210.0, 40.0, 150, 150, 200, 2, Keep_Level_2
