L -200.0, -200.0, 20.0, 400.0, -200.0, 20.0, 178, 102, 255
L 400.0, -200.0, 20.0, 400.0, 400.0, 20.0, 178, 102, 255
L 400.0, 400.0, 20.0, -200.0, 400.0, 20.0, 178, 102, 255
L -200.0, 400.0, 20.0, -200.0, -200.0, 20.0, 178, 102, 255
L 50.0, 50.0, 20.0, 250.0, 50.0, 20.0, 200, 150, 100
L 250.0, 50.0, 20.0, 250.0, 250.0, 20.0, 200, 150, 100
L 250.0, 250.0, 20.0, 50.0, 250.0, 20.0, 200, 150, 100
L 50.0, 250.0, 20.0, 50.0, 50.0, 20.0, 200, 150, 100
L 100.0, 100.0, 20.0, 200.0, 100.0, 20.0, 220, 180, 120
L 200.0, 100.0, 20.0, 200.0, 200.0, 20.0, 220, 180, 120
L 200.0, 200.0, 20.0, 100.0, 200.0, 20.0, 220, 180, 120
L 100.0, 200.0, 20.0, 100.0, 100.0, 20.0, 220, 180, 120
P 140.0, 160.0, 20.0, 255, 100, 0, 3, Upper_Castle_Chamber
P 180.0, 120.0, 20.0, 255, 0, 0, 2, Tower_Level_1
P 100.0, 200.0, 20.0, 200, 100, 50, 2, Keep_Level_1
