L -100.0, -100.0, 60.0, 300.0, -100.0, 60.0, 178, 102, 255
L 300.0, -100.0, 60.0, 300.0, 300.0, 60.0, 178, 102, 255
L 300.0, 300.0, 60.0, -100.0, 300.0, 60.0, 178, 102, 255
L -100.0, 300.0, 60.0, -100.0, -100.0, 60.0, 178, 102, 255
L 50.0, 50.0, 60.0, 250.0, 50.0, 60.0, 200, 150, 100
L 250.0, 50.0, 60.0, 250.0, 250.0, 60.0, 200, 150, 100
L 250.0, 250.0, 60.0, 50.0, 250.0, 60.0, 200, 150, 100
L 50.0, 250.0, 60.0, 50.0, 50.0, 60.0, 200, 150, 100
L 100.0, 100.0, 60.0, 200.0, 100.0, 60.0, 200, 180, 160
L 200.0, 100.0, 60.0, 200.0, 200.0, 60.0, 200, 180, 160
L 200.0, 200.0, 60.0, 100.0, 200.0, 60.0, 200, 180, 160
L 100.0, 200.0, 60.0, 100.0, 100.0, 60.0, 200, 180, 160
P 140.0, 160.0, 60.0, 255, 100, 0, 3, Top_Tower
P 160.0, 140.0, 60.0, 200, 100, 50, 2, Tower_Peak
P 120.0, 180.0, 60.0, 150, 150, 200, 2, Keep_Top
