L -200.0, -200.0, 0.0, 400.0, -200.0, 0.0, 178, 102, 255
L 400.0, -200.0, 0.0, 400.0, 400.0, 0.0, 178, 102, 255
L 400.0, 400.0, 0.0, -200.0, 400.0, 0.0, 178, 102, 255
L -200.0, 400.0, 0.0, -200.0, -200.0, 0.0, 178, 102, 255
L -100.0, -100.0, 0.0, 300.0, -100.0, 0.0, 178, 102, 255
L 300.0, -100.0, 0.0, 300.0, 300.0, 0.0, 178, 102, 255
L 300.0, 300.0, 0.0, -100.0, 300.0, 0.0, 178, 102, 255
L -100.0, 300.0, 0.0, -100.0, -100.0, 0.0, 178, 102, 255
L 0.0, -150.0, 0.0, 250.0, -150.0, 0.0, 200, 150, 100
L 250.0, -150.0, 0.0, 250.0, 100.0, 0.0, 200, 150, 100
L 250.0, 100.0, 0.0, 0.0, 100.0, 0.0, 200, 150, 100
L 0.0, 100.0, 0.0, 0.0, -150.0, 0.0, 200, 150, 100
L 50.0, 150.0, 0.0, 200.0, 150.0, 0.0, 200, 150, 100
L 200.0, 150.0, 0.0, 200.0, 250.0, 0.0, 200, 150, 100
L 200.0, 250.0, 0.0, 50.0, 250.0, 0.0, 200, 150, 100
L 50.0, 250.0, 0.0, 50.0, 150.0, 0.0, 200, 150, 100
L -150.0, 50.0, 0.0, 0.0, 50.0, 0.0, 200, 150, 100
L 0.0, 50.0, 0.0, 0.0, 200.0, 0.0, 200, 150, 100
L 0.0, 200.0, 0.0, -150.0, 200.0, 0.0, 200, 150, 100
L -150.0, 200.0, 0.0, -150.0, 50.0, 0.0, 200, 150, 100
P 120.0, 140.0, 4.0, 255, 0, 0, 3, Mistmoore_Entrance
P 140.0, 160.0, 4.0, 255, 100, 0, 3, Mistmoore_Castle_Main
P 180.0, 120.0, 4.0, 255, 0, 0, 2, East_Tower
P 80.0, 200.0, 4.0, 128, 128, 128, 2, West_Wing
P 200.0, 200.0, 4.0, 200, 100, 50, 2, South_Tower
P 100.0, 100.0, 4.0, 100, 150, 200, 2, Central_Courtyard
