L -4000.0, -2000.0, 0.0, 4000.0, -2000.0, 0.0, 0, 0, 0
L 4000.0, -2000.0, 0.0, 4000.0, 2000.0, 0.0, 0, 0, 0
L 4000.0, 2000.0, 0.0, -4000.0, 2000.0, 0.0, 0, 0, 0
L -4000.0, 2000.0, 0.0, -4000.0, -2000.0, 0.0, 0, 0, 0
L -4000.0, 0.0, 0.0, 4000.0, 0.0, 0.0, 200, 200, 200
L -600.0, -600.0, 0.0, -200.0, -600.0, 0.0, 50, 100, 50
L -200.0, -600.0, 0.0, -200.0, -200.0, 0.0, 50, 100, 50
L -200.0, -200.0, 0.0, -600.0, -200.0, 0.0, 50, 100, 50
L -600.0, -200.0, 0.0, -600.0, -600.0, 0.0, 50, 100, 50
L 1000.0, 400.0, 0.0, 1600.0, 400.0, 0.0, 50, 100, 50
L 1600.0, 400.0, 0.0, 1600.0, 1000.0, 0.0, 50, 100, 50
L 1600.0, 1000.0, 0.0, 1000.0, 1000.0, 0.0, 50, 100, 50
L 1000.0, 1000.0, 0.0, 1000.0, 400.0, 0.0, 50, 100, 50
P -3980.0, 0.0, 0.0, 255, 0, 0, 3, to_East_Commonlands
P 3980.0, 0.0, 0.0, 255, 0, 0, 3, to_Lavastorm_Mountains
P 0.0, -1980.0, 0.0, 255, 0, 0, 3, to_Najena
P 0.0, 1980.0, 0.0, 255, 0, 0, 3, to_Lesser_Faydark_(boat)
P -400.0, -400.0, 0.0, 0, 128, 0, 2, Skeletons_Camp
P 1300.0, 700.0, 0.0, 0, 128, 0, 2, Treants
P 0.0, 0.0, 0.0, 0, 128, 0, 2, Forest_Road
P -2500.0, -1500.0, 0.0, 100, 50, 50, 2, Undead_Area
P 2500.0, 1000.0, 0.0, 128, 128, 128, 2, Fairies
P 3000.0, -1500.0, 0.0, 128, 128, 128, 2, Dark_Elves
P -400.0, -400.0, 0.0, 240, 127, 0, 2, Kirak_Vil_(Rare)
P 3000.0, -1500.0, 0.0, 127, 64, 0, 2, Dark_Elf_Necromancer_(Hunter)
