L -6000.0, -3000.0, 0.0, 6000.0, -3000.0, 0.0, 0, 0, 0
L 6000.0, -3000.0, 0.0, 6000.0, 3000.0, 0.0, 0, 0, 0
L 6000.0, 3000.0, 0.0, -6000.0, 3000.0, 0.0, 0, 0, 0
L -6000.0, 3000.0, 0.0, -6000.0, -3000.0, 0.0, 0, 0, 0
L -2000.0, -600.0, 0.0, -1400.0, -600.0, 0.0, 200, 180, 130
L -1400.0, -600.0, 0.0, -1400.0, 200.0, 0.0, 200, 180, 130
L -1400.0, 200.0, 0.0, -2000.0, 200.0, 0.0, 200, 180, 130
L -2000.0, 200.0, 0.0, -2000.0, -600.0, 0.0, 200, 180, 130
L 2000.0, 1200.0, 0.0, 3000.0, 1200.0, 0.0, 200, 180, 130
L 3000.0, 1200.0, 0.0, 3000.0, 2000.0, 0.0, 200, 180, 130
L 3000.0, 2000.0, 0.0, 2000.0, 2000.0, 0.0, 200, 180, 130
L 2000.0, 2000.0, 0.0, 2000.0, 1200.0, 0.0, 200, 180, 130
P -5980.0, 0.0, 0.0, 255, 0, 0, 3, to_West_Karana
P 5980.0, 0.0, 0.0, 255, 0, 0, 3, to_Highpass_Hold
P 0.0, -2980.0, 0.0, 255, 0, 0, 3, to_South_Karana
P 0.0, 2980.0, 0.0, 255, 0, 0, 3, to_Qeynos_Hills
P -1700.0, -200.0, 0.0, 0, 128, 0, 2, Karana_Residents
P 2500.0, 1600.0, 0.0, 0, 128, 0, 2, Aviaks
P 0.0, 0.0, 0.0, 0, 128, 0, 2, Karana_Road
P -4000.0, -2000.0, 0.0, 128, 128, 128, 2, Bandits
P 4000.0, -1500.0, 0.0, 128, 128, 128, 2, Wolves
P 2500.0, 1600.0, 0.0, 240, 127, 0, 2, Pained_Soul_(Rare)
