L -3000.0, -2000.0, 0.0, 3000.0, -2000.0, 0.0, 0, 0, 0
L 3000.0, -2000.0, 0.0, 3000.0, 2000.0, 0.0, 0, 0, 0
L 3000.0, 2000.0, 0.0, -3000.0, 2000.0, 0.0, 0, 0, 0
L -3000.0, 2000.0, 0.0, -3000.0, -2000.0, 0.0, 0, 0, 0
L -500.0, -500.0, 0.0, 500.0, -500.0, 0.0, 0, 100, 200
L 500.0, -500.0, 0.0, 500.0, 500.0, 0.0, 0, 100, 200
L 500.0, 500.0, 0.0, -500.0, 500.0, 0.0, 0, 100, 200
L -500.0, 500.0, 0.0, -500.0, -500.0, 0.0, 0, 100, 200
L -300.0, -300.0, 0.0, 300.0, -300.0, 0.0, 0, 150, 220
L 300.0, -300.0, 0.0, 300.0, 300.0, 0.0, 0, 150, 220
L 300.0, 300.0, 0.0, -300.0, 300.0, 0.0, 0, 150, 220
L -300.0, 300.0, 0.0, -300.0, -300.0, 0.0, 0, 150, 220
L 1200.0, -800.0, 0.0, 1800.0, -800.0, 0.0, 200, 180, 130
L 1800.0, -800.0, 0.0, 1800.0, -200.0, 0.0, 200, 180, 130
L 1800.0, -200.0, 0.0, 1200.0, -200.0, 0.0, 200, 180, 130
L 1200.0, -200.0, 0.0, 1200.0, -800.0, 0.0, 200, 180, 130
P -2980.0, 0.0, 0.0, 255, 0, 0, 3, to_North_Desert_of_Ro
P 2980.0, 0.0, 0.0, 255, 0, 0, 3, to_South_Desert_of_Ro
P 0.0, 1980.0, 0.0, 255, 0, 0, 3, to_Innothule_Swamp
P 0.0, 0.0, 0.0, 0, 100, 200, 2, Oasis_(Water)
P 1500.0, -500.0, 0.0, 0, 128, 0, 2, Caiman_Camp
P -1500.0, 500.0, 0.0, 128, 128, 128, 2, Spectres
P 0.0, -1500.0, 0.0, 128, 128, 128, 2, Undead_Area
P 0.0, 1200.0, 0.0, 0, 128, 0, 2, Guard_Post
P -1500.0, 0.0, 0.0, 240, 127, 0, 2, Caiman_(Rare)
P 1000.0, 800.0, 0.0, 127, 64, 0, 2, Sand_Giants_(Hunter)
