L -2500.0, -1000.0, -300.0, 500.0, -1000.0, -300.0, 100, 80, 60
L 500.0, -1000.0, -300.0, 500.0, 1500.0, -300.0, 100, 80, 60
L 500.0, 1500.0, -300.0, -2500.0, 1500.0, -300.0, 100, 80, 60
L -2500.0, 1500.0, -300.0, -2500.0, -1000.0, -300.0, 100, 80, 60
L -2000.0, 600.0, 0.0, -600.0, 600.0, 0.0, 100, 80, 60
L -600.0, 600.0, 0.0, -600.0, 1200.0, 0.0, 100, 80, 60
L -600.0, 1200.0, 0.0, -2000.0, 1200.0, 0.0, 100, 80, 60
L -2000.0, 1200.0, 0.0, -2000.0, 600.0, 0.0, 100, 80, 60
L -600.0, 300.0, 0.0, 0.0, 300.0, 0.0, 100, 80, 60
L 0.0, 300.0, 0.0, 0.0, 800.0, 0.0, 100, 80, 60
L 0.0, 800.0, 0.0, -600.0, 800.0, 0.0, 100, 80, 60
L -600.0, 800.0, 0.0, -600.0, 300.0, 0.0, 100, 80, 60
L -800.0, 100.0, 0.0, -500.0, 100.0, 0.0, 100, 80, 60
L -500.0, 100.0, 0.0, -500.0, 500.0, 0.0, 100, 80, 60
L -500.0, 500.0, 0.0, -800.0, 500.0, 0.0, 100, 80, 60
L -800.0, 500.0, 0.0, -800.0, 100.0, 0.0, 100, 80, 60
L -1200.0, -500.0, 0.0, -400.0, -500.0, 0.0, 100, 80, 60
L -400.0, -500.0, 0.0, -400.0, 100.0, 0.0, 100, 80, 60
L -400.0, 100.0, 0.0, -1200.0, 100.0, 0.0, 100, 80, 60
L -1200.0, 100.0, 0.0, -1200.0, -500.0, 0.0, 100, 80, 60
P -850.0, 700.0, 0.0, 100, 255, 100, 3, safe_med_hall
P -810.0, 620.0, 0.0, 255, 255, 0, 3, pull_handoff_corner
P -692.0, 537.0, 0.0, 128, 128, 128, 2, armory_door
P -742.0, 658.0, 0.0, 128, 128, 128, 2, bar_room
P -896.0, 647.0, 0.0, 128, 128, 128, 2, armsman_bedroom
P -844.0, 901.0, 0.0, 128, 128, 128, 2, froggy_room
P -1010.0, 710.0, 0.0, 128, 128, 128, 2, abc_stairs
P -1120.0, 768.0, 0.0, 128, 128, 128, 2, chef_room
P -1130.0, 784.0, 0.0, 128, 128, 128, 2, repairer_room
P -576.0, 280.0, 0.0, 128, 128, 128, 2, scarab_entry
P -888.0, 133.0, 0.0, 128, 128, 128, 2, guardian_approach
P -1045.0, 158.0, 0.0, 128, 128, 128, 2, crypt_split
P -1248.0, 135.0, 0.0, 128, 128, 128, 2, crypt_west_cube
P -910.0, 109.0, 0.0, 128, 128, 128, 2, pond_watch
P -930.0, 120.0, 0.0, 200, 150, 100, 2, pond_ground_only
P -871.0, -315.0, 0.0, 128, 128, 128, 2, ostiary_corner
P -900.0, -250.0, 0.0, 128, 128, 128, 2, disco2_fork
P -369.0, -63.0, 0.0, 128, 128, 128, 2, commander_east
P -1199.0, -334.0, 0.0, 128, 128, 128, 2, commander_west
P -1223.0, -467.0, 0.0, 128, 128, 128, 2, pickler_room
P -1160.0, -600.0, 0.0, 128, 128, 128, 2, hidden_passage
P -1109.0, -727.0, 0.0, 128, 128, 128, 2, brogg_library
P -1413.0, 118.0, 0.0, 200, 0, 0, 2, jugg_line_start
P -2085.0, -624.0, 0.0, 255, 0, 0, 1, protector_hard_stop
P -1400.0, 400.0, 50.0, 255, 0, 0, 1, to_City_of_Mist
