L -6000.0, -3000.0, 0.0, 6000.0, -3000.0, 0.0, 0, 0, 0
L 6000.0, -3000.0, 0.0, 6000.0, 3000.0, 0.0, 0, 0, 0
L 6000.0, 3000.0, 0.0, -6000.0, 3000.0, 0.0, 0, 0, 0
L -6000.0, 3000.0, 0.0, -6000.0, -3000.0, 0.0, 0, 0, 0
L -2000.0, -1000.0, 0.0, -1400.0, -1000.0, 0.0, 200, 180, 130
L -1400.0, -1000.0, 0.0, -1400.0, -400.0, 0.0, 200, 180, 130
L -1400.0, -400.0, 0.0, -2000.0, -400.0, 0.0, 200, 180, 130
L -2000.0, -400.0, 0.0, -2000.0, -1000.0, 0.0, 200, 180, 130
L 1000.0, 600.0, 0.0, 1800.0, 600.0, 0.0, 200, 180, 130
L 1800.0, 600.0, 0.0, 1800.0, 1200.0, 0.0, 200, 180, 130
L 1800.0, 1200.0, 0.0, 1000.0, 1200.0, 0.0, 200, 180, 130
L 1000.0, 1200.0, 0.0, 1000.0, 600.0, 0.0, 200, 180, 130
L 3000.0, -1500.0, 0.0, 4000.0, -1500.0, 0.0, 200, 180, 130
L 4000.0, -1500.0, 0.0, 4000.0, -800.0, 0.0, 200, 180, 130
L 4000.0, -800.0, 0.0, 3000.0, -800.0, 0.0, 200, 180, 130
L 3000.0, -800.0, 0.0, 3000.0, -1500.0, 0.0, 200, 180, 130
P -5980.0, 0.0, 0.0, 255, 0, 0, 3, to_West_Karana
P 5980.0, 0.0, 0.0, 255, 0, 0, 3, to_East_Karana
P 0.0, -2980.0, 0.0, 255, 0, 0, 3, to_Northern_Plains_of_Karana
P 0.0, 2980.0, 0.0, 255, 0, 0, 3, to_Lake_Rathe
P -1700.0, -700.0, 0.0, 0, 128, 0, 2, Karana_Residents
P 1400.0, 900.0, 0.0, 0, 128, 0, 2, Griffin_Roost
P 3500.0, -1150.0, 0.0, 0, 128, 0, 2, Druid_Ring
P 0.0, 0.0, 0.0, 0, 128, 0, 2, Karana_Road
P -3000.0, 1500.0, 0.0, 128, 128, 128, 2, Cyclops_Area
P 4000.0, 1000.0, 0.0, 128, 128, 128, 2, Griffins
P -1700.0, -700.0, 0.0, 240, 127, 0, 2, Quillmane_(Rare)
P 2000.0, -2000.0, 0.0, 127, 64, 0, 2, A_Cyclops_(Hunter)
