L -800.0, -600.0, 0.0, 800.0, -600.0, 0.0, 160, 82, 45
L 800.0, -600.0, 0.0, 800.0, 600.0, 0.0, 160, 82, 45
L 800.0, 600.0, 0.0, -800.0, 600.0, 0.0, 160, 82, 45
L -800.0, 600.0, 0.0, -800.0, -600.0, 0.0, 160, 82, 45
L -300.0, -300.0, 0.0, 300.0, -300.0, 0.0, 139, 69, 19
L 300.0, -300.0, 0.0, 300.0, 300.0, 0.0, 139, 69, 19
L 300.0, 300.0, 0.0, -300.0, 300.0, 0.0, 139, 69, 19
L -300.0, 300.0, 0.0, -300.0, -300.0, 0.0, 139, 69, 19
L -400.0, 0.0, 0.0, -100.0, 0.0, 0.0, 200, 100, 50
L 100.0, 0.0, 0.0, 400.0, 0.0, 0.0, 200, 100, 50
L 0.0, -400.0, 0.0, 0.0, -100.0, 0.0, 200, 100, 50
L 0.0, 100.0, 0.0, 0.0, 400.0, 0.0, 200, 100, 50
P -800.0, 0.0, 0.0, 255, 0, 0, 3, to_East_Commons
P 800.0, 0.0, 0.0, 255, 0, 0, 3, to_Lesser_Faydark
P 0.0, -600.0, 0.0, 255, 0, 0, 3, to_Ocean_of_Tears
P 0.0, 600.0, 0.0, 255, 0, 0, 3, to_Mistmoore_Entrance
P 0.0, 0.0, -50.0, 100, 100, 100, 2, to_Basement
P 50.0, -200.0, 3.0, 100, 200, 100, 2, Yard_Camp_Center
P 100.0, -150.0, 3.0, 100, 200, 100, 2, Yard_Pull_Point
P -300.0, -100.0, 0.0, 240, 127, 0, 2, Hag_Spawn_Area_(Hunter)
P 200.0, -200.0, 0.0, 240, 127, 0, 2, Skeleton_Area_(Hunter)
P -100.0, 200.0, 0.0, 240, 127, 0, 2, Festering_Spawns_(Hunter)
