L -700.0, -700.0, -50.0, 700.0, -700.0, -50.0, 80, 60, 40
L 700.0, -700.0, -50.0, 700.0, 700.0, -50.0, 80, 60, 40
L 700.0, 700.0, -50.0, -700.0, 700.0, -50.0, 80, 60, 40
L -700.0, 700.0, -50.0, -700.0, -700.0, -50.0, 80, 60, 40
L -500.0, -500.0, -50.0, -200.0, -500.0, -50.0, 100, 80, 60
L -200.0, -500.0, -50.0, -200.0, -200.0, -50.0, 100, 80, 60
L -200.0, -200.0, -50.0, -500.0, -200.0, -50.0, 100, 80, 60
L -500.0, -200.0, -50.0, -500.0, -500.0, -50.0, 100, 80, 60
L 200.0, -200.0, -50.0, 500.0, -200.0, -50.0, 100, 80, 60
L 500.0, -200.0, -50.0, 500.0, 200.0, -50.0, 100, 80, 60
L 500.0, 200.0, -50.0, 200.0, 200.0, -50.0, 100, 80, 60
L 200.0, 200.0, -50.0, 200.0, -200.0, -50.0, 100, 80, 60
L -300.0, 200.0, -50.0, 300.0, 200.0, -50.0, 100, 80, 60
L -300.0, 200.0, -50.0, -300.0, 500.0, -50.0, 100, 80, 60
L 300.0, 200.0, -50.0, 300.0, 500.0, -50.0, 100, 80, 60
P 0.0, 0.0, -50.0, 100, 100, 100, 2, to_Yard
P -100.0, -400.0, -50.0, 80, 140, 80, 2, Basement_Camp_Center
P -50.0, -350.0, -50.0, 80, 140, 80, 2, Basement_Pull_Point
P -350.0, -350.0, -50.0, 240, 127, 0, 2, Dark_Bone_Chamber_(Raid)
P 350.0, 0.0, -50.0, 240, 127, 0, 2, Haunted_Corpse_Area_(Raid)
P 0.0, 350.0, -50.0, 240, 127, 0, 2, Werebat_Lair_(Raid)
P -200.0, 350.0, -50.0, 127, 64, 0, 2, Skeletal_Monk_(Hunter)
P 0.0, -700.0, -50.0, 255, 100, 0, 2, Storage_Room
P 700.0, 0.0, -50.0, 255, 100, 0, 2, Ancient_Tombs
