L -300.0, -2600.0, -47.0, 900.0, -2600.0, -47.0, 0, 0, 0
L 900.0, -2600.0, -47.0, 900.0, 2600.0, -47.0, 0, 0, 0
L 900.0, 2600.0, -47.0, -300.0, 2600.0, -47.0, 0, 0, 0
L -300.0, 2600.0, -47.0, -300.0, -2600.0, -47.0, 0, 0, 0
L -300.0, 0.0, -47.0, 900.0, 0.0, -47.0, 200, 200, 200
L 0.0, -2600.0, -47.0, 0.0, 2600.0, -47.0, 200, 200, 200
L 100.0, -1200.0, -47.0, 400.0, -1200.0, -47.0, 100, 100, 200
L 400.0, -1200.0, -47.0, 400.0, -800.0, -47.0, 100, 100, 200
L 400.0, -800.0, -47.0, 100.0, -800.0, -47.0, 100, 100, 200
L 100.0, -800.0, -47.0, 100.0, -1200.0, -47.0, 100, 100, 200
L 200.0, 800.0, -47.0, 600.0, 800.0, -47.0, 100, 100, 200
L 600.0, 800.0, -47.0, 600.0, 1200.0, -47.0, 100, 100, 200
L 600.0, 1200.0, -47.0, 200.0, 1200.0, -47.0, 100, 100, 200
L 200.0, 1200.0, -47.0, 200.0, 800.0, -47.0, 100, 100, 200
P 30.0, -2580.0, -47.0, 255, 0, 0, 3, to_East_Commonlands
P -280.0, 100.0, -47.0, 255, 0, 0, 3, to_Befallen
P 880.0, 0.0, -47.0, 255, 0, 0, 3, to_Kithicor_Forest
P -280.0, -100.0, -47.0, 255, 0, 0, 3, to_Qeynos_Hills
P 30.0, 2580.0, -47.0, 255, 0, 0, 3, to_North_Ro
P 250.0, -1000.0, -47.0, 0, 128, 0, 2, Highpass_Guard_Camp
P 400.0, 1000.0, -47.0, 0, 128, 0, 2, Guard_Camp
P 100.0, 0.0, -47.0, 0, 128, 0, 2, Crossroads
